28 #SUP: 1694
240 #SUP: 1712
297 #SUP: 1782
307 #SUP: 1844
81 #SUP: 1969
375 #SUP: 1986
310 375 #SUP: 1801
241 #SUP: 1991
37 #SUP: 2153
61 #SUP: 2188
376 #SUP: 2295
310 376 #SUP: 1711
371 #SUP: 2425
292 371 #SUP: 1717
310 371 #SUP: 2074
409 #SUP: 2436
310 409 #SUP: 2032
96 #SUP: 2578
96 310 #SUP: 1957
20 #SUP: 2603
20 310 #SUP: 1707
20 47 #SUP: 1748
385 #SUP: 2609
292 385 #SUP: 1869
292 310 385 #SUP: 1746
310 385 #SUP: 2236
47 #SUP: 2862
47 310 #SUP: 1771
91 #SUP: 2884
91 310 #SUP: 1722
46 #SUP: 3398
46 310 #SUP: 1955
117 #SUP: 3506
117 292 #SUP: 1710
117 310 #SUP: 2114
292 #SUP: 3937
292 310 #SUP: 3454
310 #SUP: 4945
